lastAccountName: redspirit1717
timestamps:
  login: 1626628014063
  logout: 1626628415695
  lastteleport: 1598588735731
ipAddress: 192.168.0.34
logoutlocation:
  world: world
  x: 437.30000001192093
  y: 82.0
  z: 188.92280481205518
  yaw: 121.609985
  pitch: 52.998207
lastlocation:
  world: world
  x: 493.93972325978586
  y: 98.0
  z: 173.85171277372245
  yaw: 140.07703
  pitch: 13.171078
homes:
  home:
    world: world
    x: 494.7463927736385
    y: 98.0
    z: 174.40687008847073
    yaw: 356.2883
    pitch: 7.4245872
  island:
    world: world
    x: -2120.6475229720254
    y: 66.0
    z: 766.9932753935833
    yaw: -157.40059
    pitch: 4.8488417
  island2:
    world: world
    x: -1005.2896921044189
    y: 81.0
    z: 3321.0689269767145
    yaw: -111.979004
    pitch: 20.182762
