lastAccountName: redspirit1717
timestamps:
  login: 1596082428982
  logout: 1596082823205
ipAddress: 173.27.48.6
logoutlocation:
  world: world
  x: 315.85134769433995
  y: 64.0
  z: 145.70659681293864
  yaw: 172.95459
  pitch: 18.353172
