lastAccountName: Demonssail
timestamps:
  login: 1615954271379
  logout: 1615954478420
ipAddress: 75.72.229.252
logoutlocation:
  world: world
  x: 301.5782456695452
  y: 67.0
  z: -113.82031396271627
  yaw: -143.74524
  pitch: 16.650019
