lastAccountName: clip_per
timestamps:
  login: 1614491413253
  lastteleport: 1614496882858
  logout: 1614496920772
ipAddress: 65.128.147.89
lastlocation:
  world: world
  x: 245.49264088098306
  y: 63.0
  z: 41.73560694469009
  yaw: 44.23782
  pitch: 6.7961917
logoutlocation:
  world: world
  x: 748.9494778197031
  y: 83.0
  z: -184.56440425172627
  yaw: 97.89172
  pitch: 33.08025
