lastAccountName: mrnotfortheweak
timestamps:
  login: 1617056462114
  lastteleport: 1598110537639
  logout: 1617118167572
ipAddress: 24.118.80.127
lastlocation:
  world: world
  x: 306.16162189776617
  y: 65.03584062504456
  z: 102.20085727378778
  yaw: -214.3497
  pitch: 42.30005
logoutlocation:
  world: world
  x: 313.9053726760293
  y: 69.5
  z: 106.91185104314788
  yaw: -70.77521
  pitch: -25.500162
