lastAccountName: mrnotfortheweak
timestamps:
  login: 1598107826200
  lastteleport: 1598110537639
  logout: 1598114004358
ipAddress: 24.118.80.127
lastlocation:
  world: world
  x: 306.16162189776617
  y: 65.03584062504456
  z: 102.20085727378778
  yaw: -214.3497
  pitch: 42.30005
logoutlocation:
  world: world
  x: 311.3359384765392
  y: 64.0
  z: 104.17439555879321
  yaw: -337.49405
  pitch: 18.599674
