lastAccountName: mrnotfortheweak
timestamps:
  login: 1626627952986
  lastteleport: 1598110537639
  logout: 1626628417691
ipAddress: 24.118.80.127
lastlocation:
  world: world
  x: 306.16162189776617
  y: 65.03584062504456
  z: 102.20085727378778
  yaw: -214.3497
  pitch: 42.30005
logoutlocation:
  world: world
  x: 309.0474684143196
  y: 69.0
  z: 108.97578460470213
  yaw: 20.71991
  pitch: 28.949316
