lastAccountName: jatz63
timestamps:
  login: 1614491445050
  lastteleport: 1613252857557
  logout: 1614496987273
ipAddress: 107.4.132.14
lastlocation:
  world: world
  x: 762.543531237061
  y: 66.0
  z: -270.41506918697326
  yaw: 263.93634
  pitch: 20.999731
logoutlocation:
  world: world
  x: 713.5954660453413
  y: 72.0
  z: -240.03235728296576
  yaw: 207.4414
  pitch: 20.549812
