lastAccountName: ShotgunSammy86
timestamps:
  login: 1613233791762
  logout: 1613235739075
  lastteleport: 1598199395015
ipAddress: 24.118.80.127
logoutlocation:
  world: world
  x: 278.1052112724357
  y: 63.0
  z: 148.7351388849594
  yaw: -38.526947
  pitch: 36.74991
lastlocation:
  world: world
  x: 478.5072041241028
  y: 67.0
  z: -119.69999998807907
  yaw: -189.39307
  pitch: 42.899902
