lastAccountName: ShotgunSammy86
timestamps:
  login: 1598197715276
  logout: 1598199917310
  lastteleport: 1598199395015
ipAddress: 24.118.80.127
logoutlocation:
  world: world
  x: 269.99831679173167
  y: 63.0
  z: 164.90832162983025
  yaw: 8.552096
  pitch: 90.0
lastlocation:
  world: world
  x: 478.5072041241028
  y: 67.0
  z: -119.69999998807907
  yaw: -189.39307
  pitch: 42.899902
